generateDistanceMatrix called with numOfCoords = 16
Completed distance matrix:
0.000000 307.700603 304.450527 649.367254 74.464495 139.486896 384.585877 337.056897 259.435243 805.884832 438.823275 257.846380 453.747996 235.762354 263.309124 408.063583 
307.700603 0.000000 565.182071 523.756851 378.368093 168.965063 165.054810 642.362867 567.121457 982.998042 144.425806 78.603246 380.245978 73.401967 566.947722 251.232399 
304.450527 565.182071 0.000000 952.023360 238.857611 408.913940 678.010245 196.933800 224.196850 947.846946 708.632459 539.584330 754.928819 504.801090 281.438054 537.593205 
649.367254 523.756851 952.023360 0.000000 713.435909 585.495486 359.776094 925.363586 830.181312 781.336618 446.414660 482.605265 198.128211 528.104750 792.268298 770.864129 
74.464495 378.368093 238.857611 713.435909 0.000000 209.407467 458.893492 264.206069 191.952261 801.317892 512.117246 331.739154 516.123670 307.642488 205.986840 451.579823 
139.486896 168.965063 408.913940 585.495486 209.407467 0.000000 271.015014 473.480257 398.744706 885.860334 305.227215 130.671087 403.613986 99.159303 401.591783 301.782451 
384.585877 165.054810 678.010245 359.776094 458.893492 271.015014 0.000000 715.800402 628.947664 905.572662 120.569394 143.139371 237.286323 186.177486 613.457318 411.353540 
337.056897 642.362867 196.933800 925.363586 264.206069 473.480257 715.800402 0.000000 95.241412 778.937239 775.874591 594.764658 728.965698 571.846443 142.456755 681.787134 
259.435243 567.121457 224.196850 830.181312 191.952261 398.744706 628.947664 95.241412 0.000000 723.963012 695.641242 513.851016 633.956970 494.908194 58.844224 634.566055 
805.884832 982.998042 947.846946 781.336618 801.317892 885.860334 905.572662 778.937239 723.963012 0.000000 1025.038240 904.470965 704.267933 925.532533 666.422152 1187.352008 
438.823275 144.425806 708.632459 446.414660 512.117246 305.227215 120.569394 775.874591 695.641242 1025.038240 0.000000 181.794852 353.249574 206.161112 688.731797 341.436170 
257.846380 78.603246 539.584330 482.605265 331.739154 130.671087 143.139371 594.764658 513.851016 904.470965 181.794852 0.000000 321.056440 45.604641 507.693495 314.043792 
453.747996 380.245978 754.928819 198.128211 516.123670 403.613986 237.286323 728.965698 633.956970 704.267933 353.249574 321.056440 0.000000 364.042520 598.236273 630.909738 
235.762354 73.401967 504.801090 528.104750 307.642488 99.159303 186.177486 571.846443 494.908194 925.532533 206.161112 45.604641 364.042520 0.000000 493.720497 277.409782 
263.309124 566.947722 281.438054 792.268298 205.986840 401.591783 613.457318 142.456755 58.844224 666.422152 688.731797 507.693495 598.236273 493.720497 0.000000 657.144746 
408.063583 251.232399 537.593205 770.864129 451.579823 301.782451 411.353540 681.787134 634.566055 1187.352008 341.436170 314.043792 630.909738 277.409782 657.144746 0.000000 








Total distance: 4294.197855
currentCost: 4294.197855
New global best tour found with cost 4294.197855: 6 3 12 11 0 9 14 8 7 2 4 5 13 Total distance: 4319.636281
currentCost: 4319.636281
New global best tour found with cost 4319.636281: 12 6 11 0 9 14 8 7 2 4 5 13 1 15 10 3 12 

Total distance: 4254.646757
currentCost: 4254.646757
New global best tour found with cost 4254.646757: 2 15 13 1 10 6 3 9 12 11 5 0 4 8 14 7 2 

Total distance: 4294.197855
currentCost: 4294.197855
New global best tour found with cost 4294.197855: 4 5 13 1 15 10 6 3 12 11 0 9 14 8 7 2 4 

1 15 10 6 

Total distance: 4254.646757
currentCost: 4254.646757
New global best tour found with cost 4254.646757: 8 4 0 5 11 12 9 3 6 10 1 13 15 2 7 14 8 

Total distance: 3745.723270
currentCost: 3745.723270
New global best tour found with cost 3745.723270: 8 7 2 4 0 Total distance: 4294.197855
currentCost: 4294.197855
New global best tour found with cost 4294.197855: 10 15 1 13 5 4 2 7 8 14 9 0 11 12 3 6 10 

Total distance: 3623.606894
currentCost: 3623.606894
New global best tour found with cost 3623.606894: 10 15 1 11 13 5 0 4 2 7 8 14 9 3 12 6 10 

Total distance: 4254.646757
currentCost: 4254.646757
New global best tour found with cost 4254.646757: 14 7 2 15 13 1 10 6 3 9 12 11 5 0 4 8 14 

Total distance: 3745.723270
currentCost: 3745.723270
New global best tour found with cost 3745.723270: 14 8 7 2 4 0 15 5 Total distance: 3745.723270
currentCost: 3745.723270
New global best tour found with cost 3745.723270: 2 7 8 14 9 3 12 6 10 1 11 13 5 15 0 4 2 

Total distance: 3981.844802
currentCost: 3981.844802
New global best tour found with cost 3981.844802: 4 14 8 7 2 15 5 13 11 1 10 6 12 3 9 0 4 

Total distance: 3623.606894
currentCost: 3623.606894
New global best tour found with cost 3623.606894: 6 10 15 1 11 13 5 0 4 2 7 8 14 9 3 12 6 

Total distance: 4294.197855
currentCost: 4294.197855
New global best tour found with cost 4294.197855: 6 10 15 1 13 5 4 2 7 8 14 9 0 11 12 3 6 

15 5 13 11 1 10 6 12 3 9 14 8 

Total distance: 5270.447293
currentCost: 5270.447293
New global best tour found with cost 5270.447293: 13 5 0 4 8 14 9 7 2 11 12 3 6 10 1 15 8 

Total distance: 3745.723270
currentCost: 3745.723270
New global best tour found with cost 3745.723270: 12 3 9 14 8 7 2 4 0 15 5 13 11 1 10 6 12 

Total distance: 4319.636281
currentCost: 4319.636281
New global best tour found with cost 4319.636281: 12 3 10 15 1 13 5 4 2 7 8 14 9 0 11 6 12 

Total distance: 4294.197855
currentCost: 4294.197855
New global best tour found with cost 4294.197855: 13 1 15 10 13 11 1 10 6 12 3 9 14 

Total distance: 4459.860475
currentCost: 4459.860475
New global best tour found with cost 4459.860475: 14 7 2 8 4 5 13 1 15 10 6 3 12 11 0 9 14 

Total distance: 4408.113918
currentCost: 4408.113918
New global best tour found with cost 4408.113918: 2 13 1 15 10 6 3 12 11 5 0 4 8 14 9 7 2 

Total distance: 4319.636281
currentCost: 4319.636281
New global best tour found with cost 4319.636281: 3 10 15 1 13 5 4 2 7 8 14 9 0 11 6 12 3 

Total distance: 4294.197855
currentCost: 4294.197855
New global best tour found with cost 4294.197855: 4 5 13 1 15 10 6 3 12 11 0 9 14 8 7 2 4 

Total distance: 4294.197855
currentCost: 4294.197855
New global best tour found with cost 4294.197855: 5 4 2 7 8 14 9 0 11 12 3 6 10 15 1 13 5 

Total distance: 4254.646757
currentCost: 4254.646757
New global best tour found with cost 4254.646757: 7 14 8 4 0 5 11 12 9 3 6 10 1 13 15 2 7 

Total distance: 3695.770717
currentCost: 3695.770717
New global best tour found with cost 3695.770717: 9 3 12 6 10 11 1 15 13 5 0 4 2 7 8 14 9 

Total distance: 4294.197855
currentCost: 4294.197855
New global best tour found with cost 4294.197855: 10 15 1 13 5 4 2 7 8 14 9 0 11 12 3 6 10 

Total distance: 4294.197855
currentCost: 4294.197855
New global best tour found with cost 4294.197855: 11 12 3 6 10 15 1 13 5 4 2 7 8 14 9 0 11 

6 3 12 11 0 9 14 8 7 2 4 5 13 

Total distance: 3623.606894
currentCost: 3623.606894
New global best tour found with cost 3623.606894: 13 11 1 15 10 6 12 3 9 14 8 7 2 4 0 5 13 

Total distance: 4110.256363
currentCost: 4110.256363
New global best tour found with cost 4110.256363: 15 2 7 8 14 9 4 0 5 13 11 12 3 6 10 1 15 

Total distance: 3623.606894
currentCost: 3623.606894
New global best tour found with cost 3623.606894: 15 Total distance: 3745.723270
currentCost: 3745.723270
New global best tour found with cost 3745.723270: 3 9 14 8 7 2 4 0 15 5 13 11 1 10 6 12 3 

Total distance: 3656.914850
currentCost: 3656.914850
New global best tour found with cost 3656.914850: 5 11 13 15 1 10 6 12 3 9 14 8 7 2 4 0 5 

Total distance: 3745.723270
currentCost: 3745.723270
New global best tour found with cost 3745.723270: 7 2 4 0 15 5 13 11 1 10 6 12 3 9 14 8 7 

Total distance: 4459.860475
currentCost: 4459.860475
New global best tour found with cost 4459.860475: 7 14 9 0 11 12 3 6 10 15 1 13 5 4 8 2 7 
Total distance: 3623.606894
currentCost: 3623.606894
New global best tour found with cost 3623.606894: 9 3 12 6 10 15 1 11 13 5 0 4 2 7 8 14 9 

Total distance: 4553.765250
currentCost: 4553.765250
New global best tour found with cost 4553.765250: 9 7 2 8 4 5 13 1 15 10 6 3 12 11 0 14 9 
Total distance: 3623.606894
currentCost: 3623.606894
New global best tour found with cost 3623.606894: 11 1 15 10 6 12 3 9 14 8 7 2 4 0 5 13 11 

Total distance: 4417.167598
currentCost: 4417.167598
New global best tour found with cost 4417.167598: 10 6 3 12 11 1 15 13 5 4 2 7 8 14 9 0 11 
Total distance: 4991.931673
currentCost: 4991.931673
New global best tour found with cost 4991.931673: 2 7 8 4 0 5 13 11 12 3 6 10 1 15 14 9 13 
10 6 12 3 9 14 8 7 2 4 0 5 13 11 1 15 

Total distance: 4110.256363
currentCost: 4110.256363
New global best tour found with cost 4110.256363: 15 2 7 8 14 9 4 0 5 13 11 12 3 6 10 1 15 
Total distance: 4319.636281
currentCost: 4319.636281
New global best tour found with cost 4319.636281: 3 10 15 1 13 5 4 2 7 8 14 9 0 11 6 12 3 
Total distance: 4896.811034
currentCost: 4896.811034
New global best tour found with cost 4896.811034: 2 7 8 4 0 5 11 12 3 6 10 15 1 13 9 14 5 
Total distance: 4294.197855
currentCost: 4294.197855
New global best tour found with cost 4294.197855: 0 11 12 3 6 10 15 1 13 5 4 2 7 8 14 9 0 

Total distance: 3981.844802
currentCost: 3981.844802
New global best tour found with cost 3981.844802: 0 4 14 8 7 2 15 5 13 11 1 10 6 12 3 9 0 

Total distance: 4294.197855
currentCost: 4294.197855
New global best tour found with cost 4294.197855: 0 9 14 8 7 2 4 5 13 1 15 10 6 3 12 11 0 

Total distance: 4294.197855
currentCost: 4294.197855
New global best tour found with cost 4294.197855: 1 15 10 6 3 12 11 0 9 14 8 7 2 4 5 13 1 

Total distance: 3623.606894
currentCost: 3623.606894
New global best tour found with cost 3623.606894: 1 15 10 6 12 3 9 14 8 7 2 4 0 5 13 11 1 

Total distance: 4348.419890
currentCost: 4348.419890
New global best tour found with cost 4348.419890: 15 1 10 6 3 12 11 0 9 14 8 7 2 4 5 13 1 
Global best tour for algorithm 0 with cost 3695.770717: 9 3 12 6 10 11 1 15 13 5 0 4 2 7 8 14 9 Writing output data
Global best tour for algorithm 1 with cost 3623.606894: 10 15 1 11 13 5 0 4 2 7 8 14 9 3 12 6 10 Writing output data
Global best tour for algorithm 2 with cost 4110.256363: 15 2 7 8 14 9 4 0 5 13 11 12 3 6 10 1 15 Writing output data
Time taken: 0.033984 seconds
